{
 "cells": [
  {
   "cell_type": "code",
   "execution_count": 1,
   "metadata": {},
   "outputs": [],
   "source": [
    "# Imports\n",
    "import umap\n",
    "import pandas as pd\n",
    "import seaborn as sns\n",
    "import numpy as np\n",
    "import matplotlib.pyplot as plt\n",
    "from typing import Dict, List, Tuple\n",
    "import plotly.express as px\n",
    "import warnings\n",
    "from plotly import graph_objects as go\n",
    "\n",
    "# Clustering Analysis using Hierarchical Clustering\n",
    "from sklearn.preprocessing import StandardScaler\n",
    "from scipy.cluster.hierarchy import linkage, dendrogram\n",
    "from brancharchitect.io import read_newick\n",
    "from brancharchitect.split_analysis import (\n",
    "    compute_taxon_co_occurrence_in_filtered_nonexistent_splits,\n",
    ")\n",
    "\n",
    "warnings.filterwarnings(\"ignore\")  # To suppress any warnings for clean output\n",
    "\n",
    "\n",
    "# Statistical Significance Testing\n",
    "# Assuming you have a function for permutation testing (defined earlier)\n",
    "def plot_umap_2d_interactive(\n",
    "    df: pd.DataFrame,\n",
    "    title: str,\n",
    "    n_neighbors: int = 15,\n",
    "    min_dist: float = 0.1,\n",
    "    random_state: int = 42,\n",
    "    width: int = 800,\n",
    "    height: int = 600,\n",
    "    use_precomputed_distances: bool = True,\n",
    ") -> Tuple[pd.DataFrame, go.Figure]:\n",
    "    \"\"\"\n",
    "    Computes and plots interactive 2D UMAP with plotly.\n",
    "\n",
    "    Args:\n",
    "        df: Input DataFrame with features\n",
    "        title: Plot title\n",
    "        n_neighbors: UMAP neighbor parameter\n",
    "        min_dist: UMAP minimum distance parameter\n",
    "        random_state: Random seed\n",
    "        width: Plot width\n",
    "        height: Plot height\n",
    "        use_precomputed_distances: Whether to use precomputed distances (1 - co_occurrence) for UMAP\n",
    "\n",
    "    Returns:\n",
    "        Tuple of UMAP DataFrame and plotly figure\n",
    "    \"\"\"\n",
    "    # Apply UMAP\n",
    "    umap_df = apply_umap(\n",
    "        df,\n",
    "        n_neighbors=n_neighbors,\n",
    "        min_dist=min_dist,\n",
    "        n_components=2,\n",
    "        random_state=random_state,\n",
    "        use_precomputed_distances=use_precomputed_distances,\n",
    "    )\n",
    "\n",
    "    # Create interactive plot\n",
    "    fig = px.scatter(\n",
    "        umap_df,\n",
    "        x=\"UMAP_1\",\n",
    "        y=\"UMAP_2\",\n",
    "        title=title,\n",
    "        labels={\"UMAP_1\": \"UMAP_1\", \"UMAP_2\": \"UMAP_2\"},\n",
    "        hover_data=[umap_df.index],\n",
    "    )\n",
    "\n",
    "    fig.update_layout(width=width, height=height, title_x=0.5, showlegend=True)\n",
    "\n",
    "    return umap_df, fig\n",
    "\n",
    "\n",
    "def permutation_test_co_clustering(\n",
    "    co_occurrence_matrix: pd.DataFrame, num_permutations: int = 1000\n",
    ") -> pd.DataFrame:\n",
    "    \"\"\"\n",
    "    Performs a permutation test to assess the significance of co-occurrence frequencies.\n",
    "\n",
    "    Args:\n",
    "    - co_occurrence_matrix (pd.DataFrame): Co-occurrence frequency matrix.\n",
    "    - num_permutations (int): Number of permutations.\n",
    "\n",
    "    Returns:\n",
    "    - pd.DataFrame: P-value matrix for co-occurrence frequencies.\n",
    "    \"\"\"\n",
    "    taxa = co_occurrence_matrix.index.tolist()\n",
    "    observed = co_occurrence_matrix.values\n",
    "    permuted_counts = np.zeros_like(observed)\n",
    "\n",
    "    for _ in range(num_permutations):\n",
    "        permuted_indices = np.random.permutation(len(taxa))\n",
    "        permuted = observed[permuted_indices, :][:, permuted_indices]\n",
    "        permuted_counts += permuted >= observed\n",
    "\n",
    "    p_values = permuted_counts / num_permutations\n",
    "    p_values_df = pd.DataFrame(p_values, index=taxa, columns=taxa)\n",
    "    return p_values_df\n",
    "\n",
    "# Function Definitions\n",
    "def plot_umap_2d_static(\n",
    "    df: pd.DataFrame,\n",
    "    title: str,\n",
    "    n_neighbors: int = 15,\n",
    "    min_dist: float = 0.1,\n",
    "    random_state: int = 42,\n",
    "    figsize: tuple = (12, 8),\n",
    ") -> Tuple[pd.DataFrame, plt.Figure]:\n",
    "    \"\"\"\n",
    "    Computes and plots 2D UMAP with matplotlib.\n",
    "\n",
    "    Args:\n",
    "        df: Input DataFrame with features\n",
    "        title: Plot title\n",
    "        n_neighbors: UMAP neighbor parameter\n",
    "        min_dist: UMAP minimum distance parameter\n",
    "        random_state: Random seed\n",
    "        figsize: Figure size tuple\n",
    "\n",
    "    Returns:\n",
    "        Tuple of UMAP DataFrame and matplotlib figure\n",
    "    \"\"\"\n",
    "    # Compute 2D UMAP\n",
    "    reducer = umap.UMAP(\n",
    "        n_components=2,\n",
    "        n_neighbors=n_neighbors,\n",
    "        min_dist=min_dist,\n",
    "        random_state=random_state,\n",
    "    )\n",
    "\n",
    "    umap_data = reducer.fit_transform(df)\n",
    "    umap_df = pd.DataFrame(umap_data, columns=[\"UMAP1\", \"UMAP2\"], index=df.index)\n",
    "\n",
    "    # Create static plot\n",
    "    fig, ax = plt.subplots(figsize=figsize)\n",
    "    scatter = ax.scatter(\n",
    "        umap_df[\"UMAP1\"], umap_df[\"UMAP2\"], c=range(len(df)), cmap=\"viridis\", alpha=0.6\n",
    "    )\n",
    "\n",
    "    plt.colorbar(scatter)\n",
    "    ax.set_title(title)\n",
    "    ax.set_xlabel(\"UMAP1\")\n",
    "    ax.set_ylabel(\"UMAP2\")\n",
    "\n",
    "    return umap_df, fig\n",
    "\n",
    "\n",
    "def preprocess_cooccurrence_df(\n",
    "    co_occurrence_freq: Dict[str, Dict[str, float]]\n",
    ") -> pd.DataFrame:\n",
    "    \"\"\"\n",
    "    Preprocesses the co-occurrence frequency dictionary into a symmetric DataFrame.\n",
    "\n",
    "    Args:\n",
    "    - co_occurrence_freq (Dict[str, Dict[str, float]]): Co-occurrence frequencies between taxa.\n",
    "\n",
    "    Returns:\n",
    "    - pd.DataFrame: Symmetric co-occurrence frequency DataFrame.\n",
    "    \"\"\"\n",
    "    df = pd.DataFrame(co_occurrence_freq)\n",
    "\n",
    "    # Ensure the DataFrame is symmetric\n",
    "    df = (df + df.T) / 2\n",
    "\n",
    "    # Replace NaN with 0 (if any)\n",
    "    df = df.fillna(0)\n",
    "\n",
    "    # Set diagonal to 1.0 to represent perfect self-co-occurrence\n",
    "    np.fill_diagonal(df.values, 1.0)\n",
    "\n",
    "    return df\n",
    "\n",
    "\n",
    "def plot_interactive_heatmap(\n",
    "    co_occurrence_freq: Dict[str, Dict[str, float]], title: str\n",
    "):\n",
    "    \"\"\"\n",
    "    Plots an interactive heatmap of co-occurrence frequencies between taxa using Plotly.\n",
    "\n",
    "    Args:\n",
    "    - co_occurrence_freq (Dict[str, Dict[str, float]]): Co-occurrence frequencies between taxa.\n",
    "    - title (str): Title of the heatmap.\n",
    "    \"\"\"\n",
    "    # Preprocess the co-occurrence DataFrame\n",
    "    df = preprocess_cooccurrence_df(co_occurrence_freq)\n",
    "\n",
    "    # Create an interactive heatmap using Plotly\n",
    "    fig = px.imshow(\n",
    "        df,\n",
    "        labels=dict(x=\"Taxa\", y=\"Taxa\", color=\"Co-occurrence Frequency\"),\n",
    "        x=df.columns,\n",
    "        y=df.index,\n",
    "        color_continuous_scale=\"YlGnBu\",\n",
    "        title=title,\n",
    "    )\n",
    "\n",
    "    # Update layout for better appearance\n",
    "    fig.update_layout(\n",
    "        width=800,\n",
    "        height=800,\n",
    "        xaxis_nticks=len(df.columns),\n",
    "        yaxis_nticks=len(df.index),\n",
    "    )\n",
    "\n",
    "    # Show the figure\n",
    "    fig.show()\n",
    "\n",
    "\n",
    "def extract_g_group(taxon_name: str) -> str:\n",
    "    \"\"\"\n",
    "    Extracts the G name combination from a taxon name.\n",
    "\n",
    "    Args:\n",
    "    - taxon_name (str): The full taxon name (e.g., \"GII.P7.GII.6.KR074148\").\n",
    "\n",
    "    Returns:\n",
    "    - str: The G name combination (e.g., \"GII.P7.GII.6\").\n",
    "    \"\"\"\n",
    "    parts = taxon_name.split(\".\")\n",
    "    if len(parts) > 1:\n",
    "        # Remove the last part (assumed to be the unique identifier)\n",
    "        g_group = \".\".join(parts[:-1])\n",
    "    else:\n",
    "        # If splitting doesn't work, return the full name\n",
    "        g_group = taxon_name\n",
    "    return g_group\n",
    "\n",
    "\n",
    "def get_g_groups(taxa: List[str]) -> List[str]:\n",
    "    \"\"\"\n",
    "    Extracts G name combinations for a list of taxa.\n",
    "\n",
    "    Args:\n",
    "    - taxa (List[str]): List of taxon names.\n",
    "\n",
    "    Returns:\n",
    "    - List[str]: List of G name combinations.\n",
    "    \"\"\"\n",
    "    return [extract_g_group(taxon) for taxon in taxa]\n",
    "\n",
    "\n",
    "def convert_cooccurrence_to_dataframe(\n",
    "    co_occurrence_freq: Dict[str, Dict[str, float]]\n",
    ") -> pd.DataFrame:\n",
    "    \"\"\"\n",
    "    Converts the nested co-occurrence frequency dictionary to a Pandas DataFrame.\n",
    "\n",
    "    Args:\n",
    "    - co_occurrence_freq (Dict[str, Dict[str, float]]): Co-occurrence frequencies between taxa.\n",
    "\n",
    "    Returns:\n",
    "    - pd.DataFrame: Co-occurrence frequency matrix.\n",
    "    \"\"\"\n",
    "    df = preprocess_cooccurrence_df(co_occurrence_freq)\n",
    "    return df\n",
    "\n",
    "\n",
    "def apply_umap(\n",
    "    df: pd.DataFrame,\n",
    "    n_neighbors: int = 15,\n",
    "    min_dist: float = 0.1,\n",
    "    n_components: int = 2,\n",
    "    random_state: int = 42,\n",
    "    use_precomputed_distances: bool = True,\n",
    "    distance_transform: str = 'negative_log',  # Options: 'negative_log', 'inverse', 'power', 'subtract'\n",
    "    power: float = 1.0,  # Used if distance_transform is 'power'\n",
    ") -> pd.DataFrame:\n",
    "    \"\"\"\n",
    "    Applies UMAP to the co-occurrence frequency DataFrame.\n",
    "\n",
    "    Args:\n",
    "    - df (pd.DataFrame): Co-occurrence frequency matrix.\n",
    "    - n_neighbors (int): The size of local neighborhood used for manifold approximation.\n",
    "    - min_dist (float): The effective minimum distance between embedded points.\n",
    "    - n_components (int): The dimension of the space to embed into.\n",
    "    - random_state (int): Random seed for reproducibility.\n",
    "    - use_precomputed_distances (bool): Whether to use precomputed distances for UMAP.\n",
    "    - distance_transform (str): Method to transform co-occurrence into distances.\n",
    "    - power (float): Power for the 'power' transformation.\n",
    "\n",
    "    Returns:\n",
    "    - pd.DataFrame: UMAP embedding with taxa names as index.\n",
    "    \"\"\"\n",
    "    if use_precomputed_distances:\n",
    "        co_occurrence_values = df.values.copy()\n",
    "\n",
    "        if distance_transform == 'negative_log':\n",
    "            # Replace zeros to avoid log(0)\n",
    "            epsilon = 1e-10\n",
    "            co_occurrence_values[co_occurrence_values <= epsilon] = epsilon\n",
    "            # Distance = -log(co_occurrence)\n",
    "            distance_matrix = -np.log(co_occurrence_values)\n",
    "        elif distance_transform == 'inverse':\n",
    "            # Replace zeros to avoid division by zero\n",
    "            epsilon = 1e-10\n",
    "            co_occurrence_values[co_occurrence_values <= epsilon] = epsilon\n",
    "            # Distance = 1 / co_occurrence\n",
    "            distance_matrix = 1.0 / co_occurrence_values\n",
    "        elif distance_transform == 'power':\n",
    "            # Distance = co_occurrence ** (-power)\n",
    "            # Replace zeros to avoid division by zero\n",
    "            epsilon = 1e-10\n",
    "            co_occurrence_values[co_occurrence_values <= epsilon] = epsilon\n",
    "            distance_matrix = co_occurrence_values ** (-power)\n",
    "        elif distance_transform == 'subtract':\n",
    "            # Distance = max_co_occurrence - co_occurrence\n",
    "            max_co_occurrence = co_occurrence_values.max()\n",
    "            distance_matrix = max_co_occurrence - co_occurrence_values\n",
    "        else:\n",
    "            raise ValueError(f\"Unknown distance_transform: {distance_transform}\")\n",
    "\n",
    "        # Ensure the distance matrix is symmetric\n",
    "        distance_matrix = (distance_matrix + distance_matrix.T) / 2\n",
    "\n",
    "        # Set diagonal to zero to represent zero distance to self\n",
    "        np.fill_diagonal(distance_matrix, 0.0)\n",
    "\n",
    "        # Initialize UMAP with precomputed metric\n",
    "        reducer = umap.UMAP(\n",
    "            n_neighbors=n_neighbors,\n",
    "            min_dist=min_dist,\n",
    "            n_components=n_components,\n",
    "            metric=\"precomputed\",\n",
    "            random_state=random_state,\n",
    "        )\n",
    "\n",
    "        # Fit and transform the data\n",
    "        embedding = reducer.fit_transform(distance_matrix)\n",
    "    else:\n",
    "        # Optionally, scale the data\n",
    "        scaler = StandardScaler()\n",
    "        data = scaler.fit_transform(df)\n",
    "\n",
    "        # Initialize UMAP\n",
    "        reducer = umap.UMAP(\n",
    "            n_neighbors=n_neighbors,\n",
    "            min_dist=min_dist,\n",
    "            n_components=n_components,\n",
    "            metric=\"euclidean\",\n",
    "            random_state=random_state,\n",
    "        )\n",
    "\n",
    "        # Fit and transform the data\n",
    "        embedding = reducer.fit_transform(data)\n",
    "\n",
    "    # Create a DataFrame for the embedding\n",
    "    umap_df = pd.DataFrame(\n",
    "        embedding, index=df.index, columns=[f\"UMAP_{i+1}\" for i in range(n_components)]\n",
    "    )\n",
    "\n",
    "    return umap_df\n",
    "\n",
    "\n",
    "def plot_embedding(\n",
    "    embedding_df: pd.DataFrame, g_groups: List[str], method_name: str, title: str\n",
    "):\n",
    "    \"\"\"\n",
    "    Plots the embedding, coloring taxa based on their G name combinations.\n",
    "\n",
    "    Args:\n",
    "    - embedding_df (pd.DataFrame): Embedding DataFrame.\n",
    "    - g_groups (List[str]): List of G name combinations corresponding to taxa.\n",
    "    - method_name (str): The name of the dimensionality reduction method.\n",
    "    - title (str): Title of the plot.\n",
    "    \"\"\"\n",
    "    # Add G group information to the embedding DataFrame\n",
    "    plot_df = embedding_df.copy()\n",
    "    plot_df[\"G_Group\"] = g_groups\n",
    "\n",
    "    plt.figure(figsize=(14, 12))\n",
    "    sns.scatterplot(\n",
    "        x=plot_df.columns[0],\n",
    "        y=plot_df.columns[1],\n",
    "        hue=\"G_Group\",\n",
    "        palette=\"tab20\",\n",
    "        data=plot_df,\n",
    "        s=100,\n",
    "        alpha=0.7,\n",
    "    )\n",
    "    plt.title(f\"{title} ({method_name})\", fontsize=18)\n",
    "    plt.xlabel(f\"{method_name} Dimension 1\")\n",
    "    plt.ylabel(f\"{method_name} Dimension 2\")\n",
    "    plt.legend(title=\"G Group\", bbox_to_anchor=(1.05, 1), loc=\"upper left\")\n",
    "    plt.tight_layout()\n",
    "    plt.show()\n",
    "\n",
    "\n",
    "def plot_interactive_embedding_3d(\n",
    "    embedding_df: pd.DataFrame, g_groups: List[str], method_name: str, title: str\n",
    "):\n",
    "    \"\"\"\n",
    "    Plots an interactive 3D embedding, coloring taxa based on their G name combinations.\n",
    "\n",
    "    Args:\n",
    "    - embedding_df (pd.DataFrame): 3D embedding DataFrame.\n",
    "    - g_groups (List[str]): List of G name combinations corresponding to taxa.\n",
    "    - method_name (str): The name of the dimensionality reduction method.\n",
    "    - title (str): Title of the plot.\n",
    "    \"\"\"\n",
    "    # Add G group and Taxon information to the embedding DataFrame\n",
    "    plot_df = embedding_df.copy()\n",
    "    plot_df[\"G_Group\"] = g_groups\n",
    "    plot_df[\"Taxon\"] = plot_df.index\n",
    "\n",
    "    # Create an interactive 3D scatter plot\n",
    "    fig = px.scatter_3d(\n",
    "        plot_df,\n",
    "        x=plot_df.columns[0],\n",
    "        y=plot_df.columns[1],\n",
    "        z=plot_df.columns[2],\n",
    "        color=\"G_Group\",\n",
    "        hover_data=[\"Taxon\"],\n",
    "        title=f\"{title} ({method_name})\",\n",
    "        labels={\n",
    "            plot_df.columns[0]: f\"{method_name} Dimension 1\",\n",
    "            plot_df.columns[1]: f\"{method_name} Dimension 2\",\n",
    "            plot_df.columns[2]: f\"{method_name} Dimension 3\",\n",
    "            \"G_Group\": \"G Group\",\n",
    "        },\n",
    "        opacity=0.8,\n",
    "        width=1000,\n",
    "        height=800,\n",
    "    )\n",
    "\n",
    "    # Update layout for better aesthetics\n",
    "    fig.update_layout(\n",
    "        legend_title_text=\"G Group\",\n",
    "        title_font_size=20,\n",
    "        scene=dict(\n",
    "            xaxis_title=f\"{method_name} Dimension 1\",\n",
    "            yaxis_title=f\"{method_name} Dimension 2\",\n",
    "            zaxis_title=f\"{method_name} Dimension 3\",\n",
    "            camera=dict(eye=dict(x=1.25, y=1.25, z=1.25)),\n",
    "        ),\n",
    "    )\n",
    "\n",
    "    fig.show()"
   ]
  },
  {
   "cell_type": "code",
   "execution_count": 3,
   "metadata": {},
   "outputs": [
    {
     "data": {
      "application/vnd.plotly.v1+json": {
       "config": {
        "plotlyServerURL": "https://plot.ly"
       },
       "data": [
        {
         "coloraxis": "coloraxis",
         "hovertemplate": "Taxa: %{x}<br>Taxa: %{y}<br>Co-occurrence Frequency: %{z}<extra></extra>",
         "name": "0",
         "type": "heatmap",
         "x": [
          "GII.P7.GII.6.KR074148",
          "GII.P7.GII.14.KR074149",
          "GII.P7.GII.6.KR074158",
          "GII.P7.GII.6.KR074156",
          "GII.P7.GII.6.KR074157",
          "GII.P7.GII.6.KR074172",
          "GII.P15.GII.15.KR074188",
          "GII.P15.GII.15.KR074189",
          "GII.P7.GII.6.KR074184",
          "GII.P7.GII.6.KR074160",
          "GII.P7.GII.6.KR074177",
          "GII.P7.GII.6.KR074178",
          "GII.P7.GII.6.KR074173",
          "GII.P7.GII.6.KR074150",
          "GII.P7.GII.6.KR074170",
          "GII.Pe.GII.17.KR074151",
          "GII.Pe.GII.17.KR074152",
          "GII.P4.GII.4.KR074165",
          "GII.P4.GII.4.KR074166",
          "GII.P4.GII.4.KR074169",
          "GII.P4.GII.4.KR074167",
          "GII.P4.GII.4.KR074168",
          "GII.P4.GII.4.KR074186",
          "GII.P4.GII.4.KR074187",
          "GII.P4.GII.4.KR074175",
          "GII.P4.GII.4.KR074176",
          "GII.P4.GII.4.KR074180",
          "GII.P4.GII.4.KR074182",
          "GII.Pg.GII.12.KR074161",
          "GII.Pg.GII.12.KR074185",
          "GII.Pg.GII.12.KR074190",
          "GII.Pg.GII.12.KR074162",
          "GII.Pg.GII.12.KR074191",
          "GII.P21.GII.21.KR074154",
          "GII.P21.GII.13.KR074174",
          "GII.P21.GII.13.KR074183",
          "GII.P2.GII.2.KR074155",
          "GII.P2.GII.2.KR074171",
          "GII.P21.GII.3.KR074159",
          "GII.P13.GII.17.KR074153",
          "GII.P16.GII.3.KR074163",
          "GII.P16.GII.3.KR074179",
          "GII.P16.GII.3.KR074164",
          "GII.P16.GII.3.KR074181"
         ],
         "xaxis": "x",
         "y": [
          "GII.P7.GII.6.KR074148",
          "GII.P7.GII.14.KR074149",
          "GII.P7.GII.6.KR074158",
          "GII.P7.GII.6.KR074156",
          "GII.P7.GII.6.KR074157",
          "GII.P7.GII.6.KR074172",
          "GII.P15.GII.15.KR074188",
          "GII.P15.GII.15.KR074189",
          "GII.P7.GII.6.KR074184",
          "GII.P7.GII.6.KR074160",
          "GII.P7.GII.6.KR074177",
          "GII.P7.GII.6.KR074178",
          "GII.P7.GII.6.KR074173",
          "GII.P7.GII.6.KR074150",
          "GII.P7.GII.6.KR074170",
          "GII.Pe.GII.17.KR074151",
          "GII.Pe.GII.17.KR074152",
          "GII.P4.GII.4.KR074165",
          "GII.P4.GII.4.KR074166",
          "GII.P4.GII.4.KR074169",
          "GII.P4.GII.4.KR074167",
          "GII.P4.GII.4.KR074168",
          "GII.P4.GII.4.KR074186",
          "GII.P4.GII.4.KR074187",
          "GII.P4.GII.4.KR074175",
          "GII.P4.GII.4.KR074176",
          "GII.P4.GII.4.KR074180",
          "GII.P4.GII.4.KR074182",
          "GII.Pg.GII.12.KR074161",
          "GII.Pg.GII.12.KR074185",
          "GII.Pg.GII.12.KR074190",
          "GII.Pg.GII.12.KR074162",
          "GII.Pg.GII.12.KR074191",
          "GII.P21.GII.21.KR074154",
          "GII.P21.GII.13.KR074174",
          "GII.P21.GII.13.KR074183",
          "GII.P2.GII.2.KR074155",
          "GII.P2.GII.2.KR074171",
          "GII.P21.GII.3.KR074159",
          "GII.P13.GII.17.KR074153",
          "GII.P16.GII.3.KR074163",
          "GII.P16.GII.3.KR074179",
          "GII.P16.GII.3.KR074164",
          "GII.P16.GII.3.KR074181"
         ],
         "yaxis": "y",
         "z": [
          [
           1,
           0,
           0,
           0,
           0,
           0,
           0,
           0,
           0,
           0,
           0,
           0,
           0,
           0,
           0,
           0,
           0,
           0,
           0,
           0,
           0,
           0,
           0,
           0,
           0,
           0,
           0,
           0,
           0,
           0,
           0,
           0,
           0,
           0,
           0,
           0,
           0,
           0,
           0,
           0,
           0,
           0,
           0,
           0
          ],
          [
           0,
           1,
           0.11464968152866242,
           0.12738853503184713,
           0.12738853503184713,
           0.15286624203821655,
           0.2197452229299363,
           0.2197452229299363,
           0.15286624203821655,
           0.13694267515923567,
           0.13694267515923567,
           0.13694267515923567,
           0.13694267515923567,
           0.1592356687898089,
           0.12101910828025478,
           0.24203821656050956,
           0.24203821656050956,
           0.2484076433121019,
           0.2484076433121019,
           0.2484076433121019,
           0.2484076433121019,
           0.2484076433121019,
           0.2484076433121019,
           0.2484076433121019,
           0.2484076433121019,
           0.2484076433121019,
           0.2484076433121019,
           0.2484076433121019,
           0.24203821656050956,
           0.24203821656050956,
           0.24203821656050956,
           0.24203821656050956,
           0.24203821656050956,
           0.24203821656050956,
           0.24203821656050956,
           0.24203821656050956,
           0.24203821656050956,
           0.24203821656050956,
           0.2356687898089172,
           0.24203821656050956,
           0.2356687898089172,
           0.2356687898089172,
           0.2356687898089172,
           0.2356687898089172
          ],
          [
           0,
           0.11464968152866242,
           1,
           0.18471337579617833,
           0.18471337579617833,
           0.18152866242038215,
           0.17197452229299362,
           0.17197452229299362,
           0.18471337579617833,
           0.1751592356687898,
           0.1751592356687898,
           0.1751592356687898,
           0.17834394904458598,
           0.054140127388535034,
           0.01592356687898089,
           0.1337579617834395,
           0.1337579617834395,
           0.1337579617834395,
           0.1337579617834395,
           0.1337579617834395,
           0.1337579617834395,
           0.1337579617834395,
           0.1337579617834395,
           0.1337579617834395,
           0.1337579617834395,
           0.1337579617834395,
           0.1337579617834395,
           0.1337579617834395,
           0.1337579617834395,
           0.1337579617834395,
           0.1337579617834395,
           0.1337579617834395,
           0.1337579617834395,
           0.1337579617834395,
           0.1337579617834395,
           0.1337579617834395,
           0.1337579617834395,
           0.1337579617834395,
           0.1337579617834395,
           0.1337579617834395,
           0.1337579617834395,
           0.1337579617834395,
           0.1337579617834395,
           0.1337579617834395
          ],
          [
           0,
           0.12738853503184713,
           0.18471337579617833,
           1,
           0.20382165605095542,
           0.18471337579617833,
           0.17197452229299362,
           0.17197452229299362,
           0.18789808917197454,
           0.17834394904458598,
           0.17834394904458598,
           0.17834394904458598,
           0.17834394904458598,
           0.06369426751592357,
           0.01592356687898089,
           0.14012738853503184,
           0.14012738853503184,
           0.14012738853503184,
           0.14012738853503184,
           0.14012738853503184,
           0.14012738853503184,
           0.14012738853503184,
           0.14012738853503184,
           0.14012738853503184,
           0.14012738853503184,
           0.14012738853503184,
           0.14012738853503184,
           0.14012738853503184,
           0.14012738853503184,
           0.14012738853503184,
           0.14012738853503184,
           0.14012738853503184,
           0.14012738853503184,
           0.14012738853503184,
           0.14012738853503184,
           0.14012738853503184,
           0.14012738853503184,
           0.14012738853503184,
           0.14012738853503184,
           0.14012738853503184,
           0.14012738853503184,
           0.14012738853503184,
           0.14012738853503184,
           0.14012738853503184
          ],
          [
           0,
           0.12738853503184713,
           0.18471337579617833,
           0.20382165605095542,
           1,
           0.18471337579617833,
           0.17197452229299362,
           0.17197452229299362,
           0.18789808917197454,
           0.17834394904458598,
           0.17834394904458598,
           0.17834394904458598,
           0.17834394904458598,
           0.06369426751592357,
           0.01592356687898089,
           0.14012738853503184,
           0.14012738853503184,
           0.14012738853503184,
           0.14012738853503184,
           0.14012738853503184,
           0.14012738853503184,
           0.14012738853503184,
           0.14012738853503184,
           0.14012738853503184,
           0.14012738853503184,
           0.14012738853503184,
           0.14012738853503184,
           0.14012738853503184,
           0.14012738853503184,
           0.14012738853503184,
           0.14012738853503184,
           0.14012738853503184,
           0.14012738853503184,
           0.14012738853503184,
           0.14012738853503184,
           0.14012738853503184,
           0.14012738853503184,
           0.14012738853503184,
           0.14012738853503184,
           0.14012738853503184,
           0.14012738853503184,
           0.14012738853503184,
           0.14012738853503184,
           0.14012738853503184
          ],
          [
           0,
           0.15286624203821655,
           0.18152866242038215,
           0.18471337579617833,
           0.18471337579617833,
           1,
           0.22611464968152867,
           0.22611464968152867,
           0.2898089171974522,
           0.22611464968152867,
           0.22611464968152867,
           0.21337579617834396,
           0.2197452229299363,
           0.08917197452229299,
           0.041401273885350316,
           0.17197452229299362,
           0.17197452229299362,
           0.17197452229299362,
           0.17197452229299362,
           0.17197452229299362,
           0.17197452229299362,
           0.17197452229299362,
           0.17197452229299362,
           0.17197452229299362,
           0.17197452229299362,
           0.17197452229299362,
           0.17197452229299362,
           0.17197452229299362,
           0.17197452229299362,
           0.17197452229299362,
           0.17197452229299362,
           0.17197452229299362,
           0.17197452229299362,
           0.17197452229299362,
           0.17197452229299362,
           0.17197452229299362,
           0.17197452229299362,
           0.17197452229299362,
           0.17197452229299362,
           0.17197452229299362,
           0.17197452229299362,
           0.17197452229299362,
           0.17197452229299362,
           0.17197452229299362
          ],
          [
           0,
           0.2197452229299363,
           0.17197452229299362,
           0.17197452229299362,
           0.17197452229299362,
           0.22611464968152867,
           1,
           0.31528662420382164,
           0.21337579617834396,
           0.1751592356687898,
           0.1751592356687898,
           0.1751592356687898,
           0.1751592356687898,
           0.11464968152866242,
           0.08280254777070063,
           0.25477707006369427,
           0.25477707006369427,
           0.24522292993630573,
           0.24522292993630573,
           0.24522292993630573,
           0.24522292993630573,
           0.24522292993630573,
           0.24522292993630573,
           0.24522292993630573,
           0.24522292993630573,
           0.24522292993630573,
           0.24522292993630573,
           0.24522292993630573,
           0.2515923566878981,
           0.2515923566878981,
           0.2515923566878981,
           0.2515923566878981,
           0.2515923566878981,
           0.25477707006369427,
           0.2515923566878981,
           0.2515923566878981,
           0.2515923566878981,
           0.2515923566878981,
           0.24522292993630573,
           0.25477707006369427,
           0.24522292993630573,
           0.24522292993630573,
           0.24522292993630573,
           0.24522292993630573
          ],
          [
           0,
           0.2197452229299363,
           0.17197452229299362,
           0.17197452229299362,
           0.17197452229299362,
           0.22611464968152867,
           0.31528662420382164,
           1,
           0.21337579617834396,
           0.1751592356687898,
           0.1751592356687898,
           0.1751592356687898,
           0.1751592356687898,
           0.11464968152866242,
           0.08280254777070063,
           0.25477707006369427,
           0.25477707006369427,
           0.24522292993630573,
           0.24522292993630573,
           0.24522292993630573,
           0.24522292993630573,
           0.24522292993630573,
           0.24522292993630573,
           0.24522292993630573,
           0.24522292993630573,
           0.24522292993630573,
           0.24522292993630573,
           0.24522292993630573,
           0.2515923566878981,
           0.2515923566878981,
           0.2515923566878981,
           0.2515923566878981,
           0.2515923566878981,
           0.25477707006369427,
           0.2515923566878981,
           0.2515923566878981,
           0.2515923566878981,
           0.2515923566878981,
           0.24522292993630573,
           0.25477707006369427,
           0.24522292993630573,
           0.24522292993630573,
           0.24522292993630573,
           0.24522292993630573
          ],
          [
           0,
           0.15286624203821655,
           0.18471337579617833,
           0.18789808917197454,
           0.18789808917197454,
           0.2898089171974522,
           0.21337579617834396,
           0.21337579617834396,
           1,
           0.2484076433121019,
           0.24203821656050956,
           0.2197452229299363,
           0.2229299363057325,
           0.08917197452229299,
           0.041401273885350316,
           0.17197452229299362,
           0.17197452229299362,
           0.17197452229299362,
           0.17197452229299362,
           0.17197452229299362,
           0.17197452229299362,
           0.17197452229299362,
           0.17197452229299362,
           0.17197452229299362,
           0.17197452229299362,
           0.17197452229299362,
           0.17197452229299362,
           0.17197452229299362,
           0.17197452229299362,
           0.17197452229299362,
           0.17197452229299362,
           0.17197452229299362,
           0.17197452229299362,
           0.17197452229299362,
           0.17197452229299362,
           0.17197452229299362,
           0.17197452229299362,
           0.17197452229299362,
           0.17197452229299362,
           0.17197452229299362,
           0.17197452229299362,
           0.17197452229299362,
           0.17197452229299362,
           0.17197452229299362
          ],
          [
           0,
           0.13694267515923567,
           0.1751592356687898,
           0.17834394904458598,
           0.17834394904458598,
           0.22611464968152867,
           0.1751592356687898,
           0.1751592356687898,
           0.2484076433121019,
           1,
           0.3089171974522293,
           0.28343949044585987,
           0.23885350318471338,
           0.0732484076433121,
           0.025477707006369428,
           0.14012738853503184,
           0.14012738853503184,
           0.14012738853503184,
           0.14012738853503184,
           0.14012738853503184,
           0.14012738853503184,
           0.14012738853503184,
           0.14012738853503184,
           0.14012738853503184,
           0.14012738853503184,
           0.14012738853503184,
           0.14012738853503184,
           0.14012738853503184,
           0.14012738853503184,
           0.14012738853503184,
           0.14012738853503184,
           0.14012738853503184,
           0.14012738853503184,
           0.14012738853503184,
           0.14012738853503184,
           0.14012738853503184,
           0.14012738853503184,
           0.14012738853503184,
           0.14012738853503184,
           0.14012738853503184,
           0.14012738853503184,
           0.14012738853503184,
           0.14012738853503184,
           0.14012738853503184
          ],
          [
           0,
           0.13694267515923567,
           0.1751592356687898,
           0.17834394904458598,
           0.17834394904458598,
           0.22611464968152867,
           0.1751592356687898,
           0.1751592356687898,
           0.24203821656050956,
           0.3089171974522293,
           1,
           0.2356687898089172,
           0.23885350318471338,
           0.0732484076433121,
           0.025477707006369428,
           0.14012738853503184,
           0.14012738853503184,
           0.14012738853503184,
           0.14012738853503184,
           0.14012738853503184,
           0.14012738853503184,
           0.14012738853503184,
           0.14012738853503184,
           0.14012738853503184,
           0.14012738853503184,
           0.14012738853503184,
           0.14012738853503184,
           0.14012738853503184,
           0.14012738853503184,
           0.14012738853503184,
           0.14012738853503184,
           0.14012738853503184,
           0.14012738853503184,
           0.14012738853503184,
           0.14012738853503184,
           0.14012738853503184,
           0.14012738853503184,
           0.14012738853503184,
           0.14012738853503184,
           0.14012738853503184,
           0.14012738853503184,
           0.14012738853503184,
           0.14012738853503184,
           0.14012738853503184
          ],
          [
           0,
           0.13694267515923567,
           0.1751592356687898,
           0.17834394904458598,
           0.17834394904458598,
           0.21337579617834396,
           0.1751592356687898,
           0.1751592356687898,
           0.2197452229299363,
           0.28343949044585987,
           0.2356687898089172,
           1,
           0.22611464968152867,
           0.0732484076433121,
           0.025477707006369428,
           0.14012738853503184,
           0.14012738853503184,
           0.14012738853503184,
           0.14012738853503184,
           0.14012738853503184,
           0.14012738853503184,
           0.14012738853503184,
           0.14012738853503184,
           0.14012738853503184,
           0.14012738853503184,
           0.14012738853503184,
           0.14012738853503184,
           0.14012738853503184,
           0.14012738853503184,
           0.14012738853503184,
           0.14012738853503184,
           0.14012738853503184,
           0.14012738853503184,
           0.14012738853503184,
           0.14012738853503184,
           0.14012738853503184,
           0.14012738853503184,
           0.14012738853503184,
           0.14012738853503184,
           0.14012738853503184,
           0.14012738853503184,
           0.14012738853503184,
           0.14012738853503184,
           0.14012738853503184
          ],
          [
           0,
           0.13694267515923567,
           0.17834394904458598,
           0.17834394904458598,
           0.17834394904458598,
           0.2197452229299363,
           0.1751592356687898,
           0.1751592356687898,
           0.2229299363057325,
           0.23885350318471338,
           0.23885350318471338,
           0.22611464968152867,
           1,
           0.0732484076433121,
           0.025477707006369428,
           0.14012738853503184,
           0.14012738853503184,
           0.14012738853503184,
           0.14012738853503184,
           0.14012738853503184,
           0.14012738853503184,
           0.14012738853503184,
           0.14012738853503184,
           0.14012738853503184,
           0.14012738853503184,
           0.14012738853503184,
           0.14012738853503184,
           0.14012738853503184,
           0.14012738853503184,
           0.14012738853503184,
           0.14012738853503184,
           0.14012738853503184,
           0.14012738853503184,
           0.14012738853503184,
           0.14012738853503184,
           0.14012738853503184,
           0.14012738853503184,
           0.14012738853503184,
           0.14012738853503184,
           0.14012738853503184,
           0.14012738853503184,
           0.14012738853503184,
           0.14012738853503184,
           0.14012738853503184
          ],
          [
           0,
           0.1592356687898089,
           0.054140127388535034,
           0.06369426751592357,
           0.06369426751592357,
           0.08917197452229299,
           0.11464968152866242,
           0.11464968152866242,
           0.08917197452229299,
           0.0732484076433121,
           0.0732484076433121,
           0.0732484076433121,
           0.0732484076433121,
           1,
           0.11146496815286625,
           0.15286624203821655,
           0.15286624203821655,
           0.15286624203821655,
           0.15286624203821655,
           0.15286624203821655,
           0.15286624203821655,
           0.15286624203821655,
           0.15286624203821655,
           0.15286624203821655,
           0.15286624203821655,
           0.15286624203821655,
           0.15286624203821655,
           0.15286624203821655,
           0.15286624203821655,
           0.15286624203821655,
           0.15286624203821655,
           0.15286624203821655,
           0.15286624203821655,
           0.15286624203821655,
           0.15286624203821655,
           0.15286624203821655,
           0.15286624203821655,
